{
 "cells": [
  {
   "cell_type": "code",
   "execution_count": 72,
   "metadata": {},
   "outputs": [
    {
     "name": "stdout",
     "output_type": "stream",
     "text": [
      "[[ 1.         -1.         -0.19780665 -0.16947705 -0.23142859 -0.16803345\n",
      "  -0.14323617 -0.10417506 -0.12949516 -0.24431894 -0.23235401 -0.24191047\n",
      "  -0.11444974 -0.24227123 -0.21195104 -0.2021281  -0.24292633 -0.24541294\n",
      "  -0.27120761 -0.20460147 -0.20371076 -0.2806666  -0.19495254 -0.22733311\n",
      "  -0.21258009 -0.23217845 -0.20654831 -0.23570226]\n",
      " [-1.          1.          0.19780665  0.16947705  0.23142859  0.16803345\n",
      "   0.14323617  0.10417506  0.12949516  0.24431894  0.23235401  0.24191047\n",
      "   0.11444974  0.24227123  0.21195104  0.2021281   0.24292633  0.24541294\n",
      "   0.27120761  0.20460147  0.20371076  0.2806666   0.19495254  0.22733311\n",
      "   0.21258009  0.23217845  0.20654831  0.23570226]\n",
      " [-0.19780665  0.19780665  1.          0.92958669  0.85740571  0.70098129\n",
      "   0.88144426  0.87727748  0.91497328  0.97287279  0.97031466  0.96627241\n",
      "   0.84378206  0.90830538  0.98641038  0.96820258  0.90373605  0.94317842\n",
      "   0.92244468  0.75394713  0.98824863  0.9627886   0.77298327  0.7967042\n",
      "   0.97145199  0.89092806  0.86907167  0.9127165 ]\n",
      " [-0.16947705  0.16947705  0.92958669  1.          0.6626682   0.40491164\n",
      "   0.87503452  0.94014102  0.9388548   0.85325803  0.91926656  0.87004851\n",
      "   0.91478423  0.81280187  0.90458035  0.86909235  0.83793538  0.88571991\n",
      "   0.78533576  0.70224394  0.95354698  0.86142248  0.49106817  0.53892006\n",
      "   0.91023786  0.69413099  0.76636923  0.7351977 ]\n",
      " [-0.23142859  0.23142859  0.85740571  0.6626682   1.          0.87173658\n",
      "   0.70985013  0.52605971  0.60088391  0.92416092  0.84105247  0.93712838\n",
      "   0.47444599  0.94098849  0.84666398  0.81966571  0.86407948  0.80792498\n",
      "   0.96566148  0.74978681  0.79618347  0.9266972   0.91023978  0.94068413\n",
      "   0.86021305  0.89260437  0.71190093  0.87093891]\n",
      " [-0.16803345  0.16803345  0.70098129  0.40491164  0.87173658  1.\n",
      "   0.51793616  0.40634926  0.50390073  0.76185452  0.6093809   0.74182403\n",
      "   0.38349965  0.68396495  0.68707801  0.7703468   0.58027432  0.63937436\n",
      "   0.78247121  0.41788782  0.6488341   0.74304588  0.98500869  0.90098217\n",
      "   0.63175001  0.91637706  0.68461921  0.85946723]\n",
      " [-0.14323617  0.14323617  0.88144426  0.87503452  0.70985013  0.51793616\n",
      "   1.          0.8368485   0.84111924  0.8455142   0.87610319  0.8450385\n",
      "   0.77810691  0.80762691  0.8706734   0.84516401  0.81880248  0.92767211\n",
      "   0.79901501  0.66621869  0.87668688  0.84608894  0.59206849  0.62426726\n",
      "   0.86057306  0.7090365   0.79061612  0.7557179 ]\n",
      " [-0.10417506  0.10417506  0.87727748  0.94014102  0.52605971  0.40634926\n",
      "   0.8368485   1.          0.9923816   0.75646175  0.81139995  0.75291318\n",
      "   0.99158818  0.63557551  0.84089561  0.88007928  0.66515415  0.81801464\n",
      "   0.64584219  0.4889982   0.92607073  0.75075357  0.46604642  0.43899295\n",
      "   0.7988598   0.69427902  0.7780986   0.72520794]\n",
      " [-0.12949516  0.12949516  0.91497328  0.9388548   0.60088391  0.50390073\n",
      "   0.84111924  0.9923816   1.          0.8117738   0.84548085  0.80428337\n",
      "   0.98590499  0.68596178  0.88343139  0.92900424  0.70400536  0.85619935\n",
      "   0.70910513  0.51523175  0.95676501  0.80474022  0.56188782  0.52815691\n",
      "   0.83462988  0.77020075  0.83157914  0.7930828 ]\n",
      " [-0.24431894  0.24431894  0.97287279  0.85325803  0.92416092  0.76185452\n",
      "   0.8455142   0.75646175  0.8117738   1.          0.9752626   0.98746838\n",
      "   0.71268528  0.96065662  0.98219853  0.93368527  0.95250379  0.94594867\n",
      "   0.97972581  0.81639542  0.93958611  0.98946296  0.84247006  0.89481244\n",
      "   0.97375639  0.90808313  0.87277279  0.92590651]\n",
      " [-0.23235401  0.23235401  0.97031466  0.91926656  0.84105247  0.6093809\n",
      "   0.87610319  0.81139995  0.84548085  0.9752626   1.          0.96324021\n",
      "   0.76505864  0.94589742  0.98705479  0.90182791  0.9719737   0.95342924\n",
      "   0.93568136  0.85941751  0.94592896  0.96690448  0.71287321  0.80197574\n",
      "   0.98903358  0.81630561  0.856374    0.85618726]\n",
      " [-0.24191047  0.24191047  0.96627241  0.87004851  0.93712838  0.74182403\n",
      "   0.8450385   0.75291318  0.80428337  0.98746838  0.96324021  1.\n",
      "   0.70938399  0.97628479  0.95958865  0.92168035  0.94541743  0.93077991\n",
      "   0.98588112  0.79800602  0.94096972  0.9938583   0.81221602  0.85975307\n",
      "   0.96218866  0.89700048  0.83816743  0.89485605]\n",
      " [-0.11444974  0.11444974  0.84378206  0.91478423  0.47444599  0.38349965\n",
      "   0.77810691  0.99158818  0.98590499  0.71268528  0.76505864  0.70938399\n",
      "   1.          0.57736283  0.80351792  0.865295    0.60423196  0.78169581\n",
      "   0.59584466  0.41678355  0.90430712  0.70903402  0.43609339  0.38864888\n",
      "   0.75235274  0.67441271  0.76349563  0.70109007]\n",
      " [-0.24227123  0.24227123  0.90830538  0.81280187  0.94098849  0.68396495\n",
      "   0.80762691  0.63557551  0.68596178  0.96065662  0.94589742  0.97628479\n",
      "   0.57736283  1.          0.91635497  0.8249532   0.97394863  0.89398755\n",
      "   0.98271296  0.87680877  0.86137296  0.96926725  0.76781856  0.86422406\n",
      "   0.94679812  0.81094708  0.75763185  0.82265682]\n",
      " [-0.21195104  0.21195104  0.98641038  0.90458035  0.84666398  0.68707801\n",
      "   0.8706734   0.84089561  0.88343139  0.98219853  0.98705479  0.95958865\n",
      "   0.80351792  0.91635497  1.          0.95080553  0.93398991  0.9589846\n",
      "   0.92906723  0.79675967  0.96658029  0.96636726  0.77763504  0.82917875\n",
      "   0.97940004  0.87542852  0.90187258  0.90849206]\n",
      " [-0.2021281   0.2021281   0.96820258  0.86909235  0.81966571  0.7703468\n",
      "   0.84516401  0.88007928  0.92900424  0.93368527  0.90182791  0.92168035\n",
      "   0.865295    0.8249532   0.95080553  1.          0.80064198  0.92596577\n",
      "   0.8760261   0.59377253  0.97538745  0.92566732  0.81887228  0.7804764\n",
      "   0.8965113   0.93985722  0.91766805  0.93502761]\n",
      " [-0.24292633  0.24292633  0.90373605  0.83793538  0.86407948  0.58027432\n",
      "   0.81880248  0.66515415  0.70400536  0.95250379  0.9719737   0.94541743\n",
      "   0.60423196  0.97394863  0.93398991  0.80064198  1.          0.90514126\n",
      "   0.94750783  0.93263569  0.85620781  0.94620071  0.69332425  0.82709978\n",
      "   0.96442536  0.74942563  0.77284635  0.79397451]\n",
      " [-0.24541294  0.24541294  0.94317842  0.88571991  0.80792498  0.63937436\n",
      "   0.92767211  0.81801464  0.85619935  0.94594867  0.95342924  0.93077991\n",
      "   0.78169581  0.89398755  0.9589846   0.92596577  0.90514126  1.\n",
      "   0.9047522   0.74516145  0.93499223  0.94575236  0.73109887  0.76898404\n",
      "   0.93476109  0.82414889  0.90511932  0.86818766]\n",
      " [-0.27120761  0.27120761  0.92244468  0.78533576  0.96566148  0.78247121\n",
      "   0.79901501  0.64584219  0.70910513  0.97972581  0.93568136  0.98588112\n",
      "   0.59584466  0.98271296  0.92906723  0.8760261   0.94750783  0.9047522\n",
      "   1.          0.81661759  0.87999631  0.98406346  0.8532441   0.9136245\n",
      "   0.93573044  0.89267088  0.81870183  0.88772389]\n",
      " [-0.20460147  0.20460147  0.75394713  0.70224394  0.74978681  0.41788782\n",
      "   0.66621869  0.4889982   0.51523175  0.81639542  0.85941751  0.79800602\n",
      "   0.41678355  0.87680877  0.79675967  0.59377253  0.93263569  0.74516145\n",
      "   0.81661759  1.          0.68004514  0.79724765  0.54545253  0.72915382\n",
      "   0.86913465  0.54412827  0.55865893  0.63126564]\n",
      " [-0.20371076  0.20371076  0.98824863  0.95354698  0.79618347  0.6488341\n",
      "   0.87668688  0.92607073  0.95676501  0.93958611  0.94592896  0.94096972\n",
      "   0.90430712  0.86137296  0.96658029  0.97538745  0.85620781  0.93499223\n",
      "   0.87999631  0.68004514  1.          0.93818221  0.7157511   0.71775592\n",
      "   0.94032621  0.87436313  0.87740786  0.88625181]\n",
      " [-0.2806666   0.2806666   0.9627886   0.86142248  0.9266972   0.74304588\n",
      "   0.84608894  0.75075357  0.80474022  0.98946296  0.96690448  0.9938583\n",
      "   0.70903402  0.96926725  0.96636726  0.92566732  0.94620071  0.94575236\n",
      "   0.98406346  0.79724765  0.93818221  1.          0.81865242  0.86793261\n",
      "   0.96038494  0.90091152  0.8659555   0.90742225]\n",
      " [-0.19495254  0.19495254  0.77298327  0.49106817  0.91023978  0.98500869\n",
      "   0.59206849  0.46604642  0.56188782  0.84247006  0.71287321  0.81221602\n",
      "   0.43609339  0.76781856  0.77763504  0.81887228  0.69332425  0.73109887\n",
      "   0.8532441   0.54545253  0.7157511   0.81865242  1.          0.95470142\n",
      "   0.72722142  0.9391956   0.76002604  0.90397664]\n",
      " [-0.22733311  0.22733311  0.7967042   0.53892006  0.94068413  0.90098217\n",
      "   0.62426726  0.43899295  0.52815691  0.89481244  0.80197574  0.85975307\n",
      "   0.38864888  0.86422406  0.82917875  0.7804764   0.82709978  0.76898404\n",
      "   0.9136245   0.72915382  0.71775592  0.86793261  0.95470142  1.\n",
      "   0.81052524  0.88470072  0.75374823  0.87503252]\n",
      " [-0.21258009  0.21258009  0.97145199  0.91023786  0.86021305  0.63175001\n",
      "   0.86057306  0.7988598   0.83462988  0.97375639  0.98903358  0.96218866\n",
      "   0.75235274  0.94679812  0.97940004  0.8965113   0.96442536  0.93476109\n",
      "   0.93573044  0.86913465  0.94032621  0.96038494  0.72722142  0.81052524\n",
      "   1.          0.81190196  0.8112188   0.8745399 ]\n",
      " [-0.23217845  0.23217845  0.89092806  0.69413099  0.89260437  0.91637706\n",
      "   0.7090365   0.69427902  0.77020075  0.90808313  0.81630561  0.89700048\n",
      "   0.67441271  0.81094708  0.87542852  0.93985722  0.74942563  0.82414889\n",
      "   0.89267088  0.54412827  0.87436313  0.90091152  0.9391956   0.88470072\n",
      "   0.81190196  1.          0.86673998  0.94363625]\n",
      " [-0.20654831  0.20654831  0.86907167  0.76636923  0.71190093  0.68461921\n",
      "   0.79061612  0.7780986   0.83157914  0.87277279  0.856374    0.83816743\n",
      "   0.76349563  0.75763185  0.90187258  0.91766805  0.77284635  0.90511932\n",
      "   0.81870183  0.55865893  0.87740786  0.8659555   0.76002604  0.75374823\n",
      "   0.8112188   0.86673998  1.          0.8450854 ]\n",
      " [-0.23570226  0.23570226  0.9127165   0.7351977   0.87093891  0.85946723\n",
      "   0.7557179   0.72520794  0.7930828   0.92590651  0.85618726  0.89485605\n",
      "   0.70109007  0.82265682  0.90849206  0.93502761  0.79397451  0.86818766\n",
      "   0.88772389  0.63126564  0.88625181  0.90742225  0.90397664  0.87503252\n",
      "   0.8745399   0.94363625  0.8450854   1.        ]]\n"
     ]
    }
   ],
   "source": [
    "#Correlation Matrix\n",
    "\n",
    "import numpy as np\n",
    "import pandas as pd\n",
    "\n",
    "data = pd.read_csv('Gender.csv')\n",
    "data.head()\n",
    "\n",
    "correlation_matrix = np.corrcoef(data.T)\n",
    "print(correlation_matrix)"
   ]
  },
  {
   "cell_type": "code",
   "execution_count": 46,
   "metadata": {
    "scrolled": true
   },
   "outputs": [
    {
     "name": "stdout",
     "output_type": "stream",
     "text": [
      "pFirmicutes\n",
      "t=-1.801, df=26, cv=1.706, p=0.083\n",
      "tests passed:  1\n",
      "pProteobacteria\n",
      "t=-1.536, df=26, cv=1.706, p=0.137\n",
      "tests passed:  0\n",
      "pBacteroidetes\n",
      "t=-2.125, df=26, cv=1.706, p=0.043\n",
      "tests passed:  2\n",
      "pActinobacteria\n",
      "t=-1.520, df=26, cv=1.706, p=0.140\n",
      "tests passed:  0\n",
      "pFusobacteria\n",
      "t=-0.992, df=26, cv=1.706, p=0.330\n",
      "tests passed:  0\n",
      "pSpirochaetes\n",
      "t=-0.904, df=26, cv=1.706, p=0.374\n",
      "tests passed:  0\n",
      "pCyanobacteria\n",
      "t=-1.156, df=26, cv=1.706, p=0.258\n",
      "tests passed:  0\n",
      "pThermotogae\n",
      "t=-2.244, df=26, cv=1.706, p=0.034\n",
      "tests passed:  2\n",
      "pTenericutes\n",
      "t=-2.129, df=26, cv=1.706, p=0.043\n",
      "tests passed:  2\n",
      "pChlamydiae\n",
      "t=-2.215, df=26, cv=1.706, p=0.036\n",
      "tests passed:  2\n",
      "pSynergistetes\n",
      "t=-1.030, df=26, cv=1.706, p=0.312\n",
      "tests passed:  0\n",
      "pThermi\n",
      "t=-2.208, df=26, cv=1.706, p=0.036\n",
      "tests passed:  2\n",
      "pChloroflexi\n",
      "t=-1.924, df=26, cv=1.706, p=0.065\n",
      "tests passed:  1\n",
      "pCrenarchaeota\n",
      "t=-1.838, df=26, cv=1.706, p=0.078\n",
      "tests passed:  1\n",
      "pThermodesulfobacteria\n",
      "t=-2.223, df=26, cv=1.706, p=0.035\n",
      "tests passed:  2\n",
      "pVerrucomicrobia\n",
      "t=-2.214, df=26, cv=1.706, p=0.036\n",
      "tests passed:  2\n",
      "pDeferribacteres\n",
      "t=-2.499, df=26, cv=1.706, p=0.019\n",
      "tests passed:  2\n",
      "pDNA\n",
      "t=-1.861, df=26, cv=1.706, p=0.074\n",
      "tests passed:  1\n",
      "pCaldithrix\n",
      "t=-1.857, df=26, cv=1.706, p=0.075\n",
      "tests passed:  1\n",
      "pAcidobacteria\n",
      "t=-2.593, df=26, cv=1.706, p=0.015\n",
      "tests passed:  2\n",
      "pFibrobacteres\n",
      "t=-1.769, df=26, cv=1.706, p=0.089\n",
      "tests passed:  1\n",
      "pNitrospirae\n",
      "t=-2.079, df=26, cv=1.706, p=0.048\n",
      "tests passed:  2\n",
      "pPlanctomycetes\n",
      "t=-1.930, df=26, cv=1.706, p=0.065\n",
      "tests passed:  1\n",
      "pChrysiogenetes\n",
      "t=-2.135, df=26, cv=1.706, p=0.042\n",
      "tests passed:  2\n",
      "pEuryarchaeota\n",
      "t=-1.762, df=26, cv=1.706, p=0.090\n",
      "tests passed:  1\n",
      "pChlorobi\n",
      "t=-2.169, df=26, cv=1.706, p=0.039\n",
      "tests passed:  2\n",
      "\n",
      "phylums that are tested to be 95% confident of independent: \n",
      " ['pBacteroidetes', 'pThermotogae', 'pTenericutes', 'pChlamydiae', 'pThermi', 'pThermodesulfobacteria', 'pVerrucomicrobia', 'pDeferribacteres', 'pAcidobacteria', 'pNitrospirae', 'pChrysiogenetes', 'pChlorobi'] \n",
      "corresponding phylum indices: \n",
      " [2, 7, 8, 9, 11, 14, 15, 16, 19, 21, 23, 25]\n"
     ]
    }
   ],
   "source": [
    "#T-Test code taken from \n",
    "#https://machinelearningmastery.com/how-to-code-the-students-t-test-from-scratch-in-python/\n",
    "\n",
    "import csv\n",
    "from math import sqrt\n",
    "from numpy import mean\n",
    "from scipy.stats import sem\n",
    "from scipy.stats import t\n",
    "\n",
    "# function for calculating the t-test for two independent samples\n",
    "def independent_ttest(data1, data2, alpha):\n",
    "    # calculate means\n",
    "    mean1, mean2 = mean(data1), mean(data2)\n",
    "    \n",
    "    # calculate standard errors\n",
    "    se1, se2 = sem(data1), sem(data2)\n",
    "    \n",
    "    # standard error on the difference between the samples\n",
    "    sed = sqrt(se1**2.0 + se2**2.0)\n",
    "    \n",
    "    # calculate the t statistic\n",
    "    t_stat = (mean1 - mean2) / sed\n",
    "    \n",
    "    # degrees of freedom\n",
    "    df = len(data1) + len(data2) - 2\n",
    "    \n",
    "    # calculate the critical value\n",
    "    cv = t.ppf(1.0 - alpha, df)\n",
    "    \n",
    "    # calculate the p-value\n",
    "    p = (1.0 - t.cdf(abs(t_stat), df)) * 2.0\n",
    "    \n",
    "    # return everything\n",
    "    return t_stat, df, cv, p\n",
    "\n",
    "\n",
    "#Put csv results into a 2d array and a phylum array\n",
    "results = []\n",
    "phylum = []\n",
    "\n",
    "with open(\"Gender.csv\") as csvfile:\n",
    "    reader = csv.reader(csvfile) \n",
    "    phylum = next(reader)\n",
    "    for row in reader:\n",
    "        results.append(row)\n",
    "\n",
    "phylum.remove(\"Male\")\n",
    "phylum.remove(\"Female\")\n",
    "\n",
    "final = [list( map(int,i) ) for i in results] \n",
    "# print(results)\n",
    "# print(phylum)\n",
    "# print(final)\n",
    "\n",
    "index = 2\n",
    "sig_phylum = []\n",
    "bacteria_list = []\n",
    "for phy in phylum:    \n",
    "    print(phy)\n",
    "    test_passed = 0\n",
    "    \n",
    "    #separate each phylum data by gender\n",
    "    male = []\n",
    "    female = []\n",
    "\n",
    "    for row in final:\n",
    "        if row[0] is 1: #male\n",
    "            male.append(row[index])\n",
    "        else: #female\n",
    "            female.append(row[index])\n",
    "\n",
    "    # calculate the t test\n",
    "    alpha = 0.05\n",
    "    t_stat, df, cv, p = independent_ttest(male, female, alpha)\n",
    "    print('t=%.3f, df=%d, cv=%.3f, p=%.3f' % (t_stat, df, cv, p))\n",
    "    \n",
    "    # interpret via critical value\n",
    "#     if abs(t_stat) <= cv:\n",
    "#         print('Accept null hypothesis that the means are equal.')\n",
    "#     else:\n",
    "#         print('Reject the null hypothesis that the means are equal.')\n",
    "    if abs(t_stat) > cv:\n",
    "        test_passed += 1\n",
    "        \n",
    "    # interpret via p-value\n",
    "#     if p > alpha:\n",
    "#         print('Accept null hypothesis that the means are equal.')\n",
    "#     else:\n",
    "#         print('Reject the null hypothesis that the means are equal.')\n",
    "    if p <= alpha:\n",
    "        test_passed += 1\n",
    "        \n",
    "    print(\"tests passed: \", test_passed)\n",
    "    \n",
    "    if(test_passed is 2):\n",
    "        sig_phylum.append(phy)\n",
    "        bacteria_list.append(index - 2)\n",
    "        \n",
    "    index += 1;\n",
    "\n",
    "print(\"\\nphylums that are tested to be 95% confident of independent: \\n\", sig_phylum, \n",
    "      \"\\ncorresponding phylum indices: \\n\", bacteria_list)"
   ]
  },
  {
   "cell_type": "code",
   "execution_count": 74,
   "metadata": {},
   "outputs": [
    {
     "name": "stdout",
     "output_type": "stream",
     "text": [
      "[[ 1.         -1.         -0.23142859]\n",
      " [-1.          1.          0.23142859]\n",
      " [-0.23142859  0.23142859  1.        ]]\n"
     ]
    }
   ],
   "source": [
    "#Correlation Matrix for Bacteroidetes\n",
    "\n",
    "import numpy as np\n",
    "import pandas as pd\n",
    "\n",
    "data = pd.read_csv('GenderBacteroidetes.csv')\n",
    "data.head()\n",
    "\n",
    "correlation_matrix = np.corrcoef(data.T)\n",
    "print(correlation_matrix)"
   ]
  },
  {
   "cell_type": "code",
   "execution_count": 47,
   "metadata": {
    "scrolled": true
   },
   "outputs": [
    {
     "name": "stdout",
     "output_type": "stream",
     "text": [
      "\tMale\t Female\t pBacteroidetes\n",
      "[[ 1.         -1.         -0.23142859]\n",
      " [-1.          1.          0.23142859]\n",
      " [-0.23142859  0.23142859  1.        ]] \n",
      "\n",
      "\tMale\t Female\t pThermotogae\n",
      "[[ 1.         -1.         -0.15637113]\n",
      " [-1.          1.          0.15637113]\n",
      " [-0.15637113  0.15637113  1.        ]] \n",
      "\n",
      "\tMale\t Female\t pTenericutes\n",
      "[[ 1.         -1.         -0.12602617]\n",
      " [-1.          1.          0.12602617]\n",
      " [-0.12602617  0.12602617  1.        ]] \n",
      "\n",
      "\tMale\t Female\t pChlamydiae\n",
      "[[ 1.         -1.         -0.10847769]\n",
      " [-1.          1.          0.10847769]\n",
      " [-0.10847769  0.10847769  1.        ]] \n",
      "\n",
      "\tMale\t Female\t pThermi\n",
      "[[ 1.         -1.         -0.09665927]\n",
      " [-1.          1.          0.09665927]\n",
      " [-0.09665927  0.09665927  1.        ]] \n",
      "\n",
      "\tMale\t Female\t pThermodesulfobacteria\n",
      "[[ 1.         -1.         -0.08800773]\n",
      " [-1.          1.          0.08800773]\n",
      " [-0.08800773  0.08800773  1.        ]] \n",
      "\n",
      "\tMale\t Female\t pVerrucomicrobia\n",
      "[[ 1.         -1.         -0.08132216]\n",
      " [-1.          1.          0.08132216]\n",
      " [-0.08132216  0.08132216  1.        ]] \n",
      "\n",
      "\tMale\t Female\t pDeferribacteres\n",
      "[[ 1.         -1.         -0.07596823]\n",
      " [-1.          1.          0.07596823]\n",
      " [-0.07596823  0.07596823  1.        ]] \n",
      "\n",
      "\tMale\t Female\t pAcidobacteria\n",
      "[[ 1.         -1.         -0.07154383]\n",
      " [-1.          1.          0.07154383]\n",
      " [-0.07154383  0.07154383  1.        ]] \n",
      "\n",
      "\tMale\t Female\t pNitrospirae\n",
      "[[ 1.         -1.         -0.06781037]\n",
      " [-1.          1.          0.06781037]\n",
      " [-0.06781037  0.06781037  1.        ]] \n",
      "\n",
      "\tMale\t Female\t pChrysiogenetes\n",
      "[[ 1.         -1.         -0.06460781]\n",
      " [-1.          1.          0.06460781]\n",
      " [-0.06460781  0.06460781  1.        ]] \n",
      "\n",
      "\tMale\t Female\t pChlorobi\n",
      "[[ 1.         -1.         -0.06181713]\n",
      " [-1.          1.          0.06181713]\n",
      " [-0.06181713  0.06181713  1.        ]] \n",
      "\n"
     ]
    }
   ],
   "source": [
    "#trying to write something that can create custom correlation matrix \n",
    "#for a specific column without having to keep making csv files\n",
    "import numpy as np\n",
    "import pandas as pd\n",
    "\n",
    "data = []\n",
    "# bacteria_list = [2, 7, 8, 9] #index in phylum of which bacteria I want to look at\n",
    "displacement = 2 #starts at 2 to account for male, female columns\n",
    "indices = np.array(bacteria_list) + displacement\n",
    "\n",
    "for index in range(0, len(bacteria_list)):\n",
    "    print(\"\\tMale\\t\", \"Female\\t\", phylum[bacteria_list[index]])\n",
    "\n",
    "    #create a 2d array that would replace the csv file\n",
    "    for row in results:\n",
    "        r = []\n",
    "        r.append(row[0])\n",
    "        r.append(row[1])\n",
    "        r.append(row[indices[index]])\n",
    "        data.append(list(map(int, r)))\n",
    "\n",
    "    df = pd.DataFrame(data)\n",
    "    correlation_matrix = np.corrcoef(df.T)\n",
    "    print(correlation_matrix, \"\\n\")"
   ]
  }
 ],
 "metadata": {
  "kernelspec": {
   "display_name": "Python 3",
   "language": "python",
   "name": "python3"
  },
  "language_info": {
   "codemirror_mode": {
    "name": "ipython",
    "version": 3
   },
   "file_extension": ".py",
   "mimetype": "text/x-python",
   "name": "python",
   "nbconvert_exporter": "python",
   "pygments_lexer": "ipython3",
   "version": "3.6.3"
  }
 },
 "nbformat": 4,
 "nbformat_minor": 2
}
